# date          high_F  low_F  precipitation_inch   
1 jan 2015	24.1	10.9	0.00
2 jan 2015	44.1	-11.9	0.00	
3 jan 2015	44.1	-9.0	0.00	
4 jan 2015	53.1	-0.0	0.00	
5 jan 2015	54.0	9.0	0.00	
6 jan 2015	52.0	10.9	0.00	
7 jan 2015	57.9	17.1	0.00	
8 jan 2015	57.9	18.0	0.00	
9 jan 2015	52.0	19.0	0.00	
10 jan 2015	39.9	24.1	0.00	
11 jan 2015	44.1	28.0	0.00	
12 jan 2015	42.1	30.0	0.00	
13 jan 2015	43.0	28.9	0.52	
14 jan 2015	39.0	10.0	0.24	
15 jan 2015	43.0	10.0	0.00	
16 jan 2015	57.0	10.0	0.00	
17 jan 2015	55.0	21.9	0.00	
18 jan 2015	59.0	21.9	0.00	
19 jan 2015	57.9	21.0	0.00	
20 jan 2015	51.1	17.1	0.00	
21 jan 2015	50.2	24.1	0.05	
22 jan 2015	48.9	12.0	0.00	
23 jan 2015	46.0	9.0	0.00	
24 jan 2015	46.0	19.9	0.00	
25 jan 2015	53.1	18.0	0.00	
26 jan 2015	54.0	21.0	0.00	
27 jan 2015	53.8	34.0	0.00	
28 jan 2015	54.0	19.9	0.00	
29 jan 2015	52.0	28.0	0.00	
30 jan 2015	48.0 	35.1	1.10	
31 jan 2015	46.0	30.9	0.20
1 feb 2015	51.1	21.0	0.00  
2 feb 2015	57.0	21.0	0.00
3 feb 2015	57.9	21.9	0.00
4 feb 2015	59.0	26.1	0.00
5 feb 2015	63.0	18.0	0.00
6 feb 2015	61.0	19.0	0.00
7 feb 2015	60.1	19.0	0.00
8 feb 2015	61.0	28.0	0.00
9 feb 2015	62.1	23.0	0.00
10 feb 2015	60.1	19.9	0.00
11 feb 2015	48.9	16.0	0.00
12 feb 2015	52.0	27.0	0.00
13 feb 2015	59.0	21.9	0.00
14 feb 2015	64.9	19.9	0.00
15 feb 2015	62.3	25.0	0.00
16 feb 2015	65.8	16.0	0.00
17 feb 2015	62.8	10.9	0.00
18 feb 2015	63.0	19.0	0.00
19 feb 2015	63.0	21.0	0.00
20 feb 2015	57.0	23.0	0.00
21 feb 2015	54.0	21.0	0.00
22 feb 2015	48.0	28.0	0.00
23 feb 2015	36.0	32.0	1.80
24 feb 2015	35.1	21.0	0.21
25 feb 2015	46.9	12.0	0.00
26 feb 2015	45.0	19.0	0.00   
27 feb 2015	42.1	16.0	0.00   
28 feb 2015	39.9	33.1	0.25
1 mar 2015	39.9	30.0	1.59
2 mar 2015	39.0	27.0	0.00   
3 mar 2015	35.1	19.9	0.00
4 mar 2015	41.0	6.1	0.00
5 mar 2015	44.1	1.9	0.00
6 mar 2015	46.0	10.0	0.00
7 mar 2015	48.9	12.0	0.00
8 mar 2015	55.9	17.1	0.00
9 mar 2015	55.0	19.0	0.00
10 mar 2015	55.9	16.0	0.00
11 mar 2015	57.0	19.9	0.00
12 mar 2015	56.0	33.1	0.01
13 mar 2015	55.0	33.1	0.00
14 mar 2015	57.9	26.1	0.00
15 mar 2015	62.1	24.1	0.00
16 mar 2015	64.0	24.1	0.00
17 mar 2015	66.9	27.0	0.00
18 mar 2015	65.0	36.0	0.00
19 mar 2015	59.6	37.9	0.00
20 mar 2015	57.9	19.9	0.00
21 mar 2015	62.1	21.9	0.00
22 mar 2015	61.0	25.0	0.00
23 mar 2015	60.1	32.0	0.00
24 mar 2015	59.0	19.9	0.00
25 mar 2015	62.1	30.9	0.00
26 mar 2015	60.1	24.1	0.00
27 mar 2015	70.0	21.0	0.00
28 mar 2015	69.1	21.9	0.00
29 mar 2015	68.0	24.1	0.00
30 mar 2015	68.0	26.1	0.00
31 mar 2015	66.9	26.1	0.00
1 apr 2015	64.0	36.0	0.00
2 apr 2015	61.0	32.0	0.00
3 apr 2015	55.9	16.0	0.00
4 apr 2015	62.1	19.9	0.00
5 apr 2015	60.1	21.9	0.00
6 apr 2015	57.0	37.9	0.00
7 apr 2015	55.9	35.1	0.00
8 apr 2015	52.0	32.0	0.00
9 apr 2015	57.9	10.9	0.00
10 apr 2015	57.9	15.1	0.00
11 apr 2015	61.0	21.9	0.00
12 apr 2015	64.9	25.0	0.00
13 apr 2015	68.0	19.9	0.00
14 apr 2015	66.9	26.1	0.00
15 apr 2015	62.1	28.0	0.00
16 apr 2015	46.9	9.0	0.00
17 apr 2015	48.0	12.0	0.00   
18 apr 2015	62.1	19.9	0.00   
19 apr 2015	61.0	23.0	0.00
20 apr 2015	64.0	21.9	0.00
21 apr 2015	63.0	23.0	0.00
22 apr 2015	61.0	26.1	0.00
23 apr 2015	57.0	21.9	0.00
24 apr 2015	54.0	24.1	0.31
25 apr 2015	46.0	37.0	0.08
26 apr 2015	48.9	32.0	0.65
27 apr 2015	57.9	24.1	0.00
28 apr 2015	69.1	32.0	0.00
29 apr 2015	68.0	28.0	0.00
30 apr 2015	71.1	30.9	0.00
1 may 2015	73.0	33.1	0.00
2 may 2015	71.1	33.1	0.00
3 may 2015	71.1	39.0	0.00
4 may 2015	63.0	33.1	0.01
5 may 2015	54.0	36.0	0.32
6 may 2015	57.9	30.9	0.00
7 may 2015	55.9	30.0	0.00
8 may 2015	54.0	33.1	0.15
9 may 2015	41.0	26.1	0.30
10 may 2015	59.0	28.9	0.00
11 may 2015	66.0	24.1	0.00
12 may 2015	64.0	27.0	0.00
13 may 2015	60.1	32.0	0.00
14 may 2015	59.0	36.0	0.17
15 may 2015	52.0	32.0	0.78
16 may 2015	48.0	32.0	0.43
17 may 2015	57.0	28.9	0.01
18 may 2015	57.0	26.1	0.00   
19 may 2015	60.1	25.0	0.00
20 may 2015	63.0	23.0	0.00
21 may 2015	62.1	33.1	0.00
22 may 2015	59.0	26.1	0.00   
23 may 2015	54.0	26.1	0.00   
24 may 2015	55.9	28.9	0.00   
25 may 2015	57.9	39.0	0.15
26 may 2015	66.0	30.9	0.00
27 may 2015	66.9	30.9	0.00
28 may 2015	72.0	30.0	0.00
29 may 2015	72.0	37.0	0.00   
30 may 2015	77.0	35.1	0.00
31 may 2015	78.1	37.0	0.00
1 jun 2015	77.0	37.0	0.00
2 jun 2015	75.2	39.0	0.00
3 jun 2015	72.0	27.0	0.00
4 jun 2015	72.0	28.0	0.00
5 jun 2015	69.5	39.9	0.00
6 jun 2015	64.0	39.9	0.80
7 jun 2015	71.1	30.9	0.00
8 jun 2015	78.1	33.1	0.00
9 jun 2015	75.1	35.1	0.00
10 jun 2015	68.0	54.0	0.03
11 jun 2015	71.1	44.1	0.00
12 jun 2015	73.0	37.9	0.00
13 jun 2015	73.9	46.0	0.08
14 jun 2015	77.0	39.0	0.01
15 jun 2015	81.0	41.0	0.00   
16 jun 2015	82.0	44.1	0.00
17 jun 2015	82.9	37.9	0.00
18 jun 2015	84.0	41.0	0.00
19 jun 2015	84.0	37.0	0.00
20 jun 2015	88.0	37.0	0.00
21 jun 2015	85.2	39.9	0.00
22 jun 2015	84.9	37.9	0.00
23 jun 2015	84.9	48.9	0.00
24 jun 2015	86.0	45.0	0.00
25 jun 2015	84.9	46.9	0.00
26 jun 2015	89.1	43.0	0.00
27 jun 2015	84.2	44.1	0.05
28 jun 2015	81.0	45.0	0.06
29 jun 2015	82.9	48.9	0.11
30 jun 2015	87.1	55.9	0.03
1 jul 2015	82.9	51.1	0.00   
2 jul 2015	82.9	52.0	0.05
3 jul 2015	82.0	53.1	0.30
4 jul 2015	79.0	55.0	0.40
5 jul 2015	75.0	53.1	0.10
6 jul 2015	75.0	52.0	0.17
7 jul 2015	77.0	44.1	0.54
8 jul 2015	73.9	45.0	0.32
9 jul 2015	72.0	39.0	0.01
10 jul 2015	70.0	34.0	0.00
11 jul 2015	72.0	44.1	0.02
12 jul 2015	77.0	39.9	0.00
13 jul 2015	79.0	44.1	0.00
14 jul 2015	77.0	46.9	0.00   
15 jul 2015	77.0	42.1	0.00
16 jul 2015	80.1	43.0	0.00
17 jul 2015	79.0	43.0	0.00
18 jul 2015	75.9	48.9	0.00
19 jul 2015	73.9	51.1	0.80
20 jul 2015	73.0	52.0	0.01
21 jul 2015	75.9	45.0	0.00
22 jul 2015	77.0	44.1	0.00
23 jul 2015	77.0	42.1	0.00
24 jul 2015	78.1	48.0	0.00
25 jul 2015	80.1	44.1	0.00
26 jul 2015	80.1	46.0	0.00
27 jul 2015	80.1	42.1	0.00
28 jul 2015	82.0	39.9	0.00
29 jul 2015	81.0	45.0	0.01
30 jul 2015	73.0	48.9	0.12
31 jul 2015	78.1	46.9	0.19
1 aug 2015	75.0	55.9	0.03
2 aug 2015	75.9	50.0	0.09
3 aug 2015	82.0	42.1	0.01
4 aug 2015	84.0	41.0	0.00
5 aug 2015	84.0	42.1	0.00
6 aug 2015	79.2	41.0	0.00
7 aug 2015	77.0	52.0	0.00   
8 aug 2015	75.0	52.0	0.88
9 aug 2015	78.1	45.0	0.00   
10 aug 2015	75.0	46.0	0.04
11 aug 2015	72.0	55.0	0.08
12 aug 2015	73.9	52.0	0.43
13 aug 2015	81.0	46.0	0.01
14 aug 2015	84.9	46.0	0.00
15 aug 2015	84.9	50.0	0.00
16 aug 2015	86.0	48.0	0.00
17 aug 2015	84.0	48.0	0.00
18 aug 2015	84.0	48.9	0.00
19 aug 2015	84.9	44.1	0.00
20 aug 2015	87.1	42.1	0.00
21 aug 2015	80.1	42.1	0.00
22 aug 2015	80.1	46.0	0.00
23 aug 2015	78.1	46.0	0.35
24 aug 2015	82.0	48.9	0.00   
25 aug 2015	73.9	55.9	0.10
26 aug 2015	73.0	51.1	0.35
27 aug 2015	74.2	45.0	0.02
28 aug 2015	77.0	44.1	0.01
29 aug 2015	82.9	42.1	0.00
30 aug 2015	81.0	46.9	0.01
31 aug 2015	75.0	46.9	0.22
1 sep 2015	78.1	44.1	0.00   
2 sep 2015	75.9	45.0	0.00   
3 sep 2015	73.0	41.0	0.00
4 sep 2015	71.1	43.0	0.00   
5 sep 2015	70.0	51.1	0.01
6 sep 2015	73.0	43.0	0.01
7 sep 2015	75.0	43.0	0.11
8 sep 2015	75.9	44.1	0.04
9 sep 2015	80.1	43.0	0.00
10 sep 2015	80.1	45.0	0.01
11 sep 2015	82.0	37.9	0.00
12 sep 2015	81.0	39.9	0.00
13 sep 2015	80.1	42.1	0.00
14 sep 2015	73.9	43.0	0.05
15 sep 2015	70.0	54.0	0.02
16 sep 2015	68.0	54.0	0.10
17 sep 2015	72.0	39.9	0.00
18 sep 2015	75.9	30.9	0.00
19 sep 2015	78.1	32.0	0.00
20 sep 2015	80.1	37.9	0.00
21 sep 2015	75.9	36.0	0.00
22 sep 2015	75.0	37.0	0.65
23 sep 2015	75.9	36.0	0.00
24 sep 2015	77.0	36.0	0.00
25 sep 2015	77.0	35.1	0.00
26 sep 2015	75.9	36.0	0.00
27 sep 2015	77.0	35.1	0.00
28 sep 2015	75.9	37.9	0.00
29 sep 2015	79.0	44.1	0.00
30 sep 2015	79.0	39.9	0.00
1 oct 2015	78.1	36.0	0.00
2 oct 2015	73.9	39.9	0.00
3 oct 2015	69.1	25.0	0.00
4 oct 2015	64.9	33.1	0.20
5 oct 2015	59.0	46.9	0.63
6 oct 2015	55.9	43.0	0.43
7 oct 2015	60.1	35.1	0.01
8 oct 2015	66.9	35.1	0.02
9 oct 2015	66.9	39.0	0.00
10 oct 2015	70.0	34.0	0.00
11 oct 2015	73.0	33.1	0.00
12 oct 2015	77.0	33.1	0.00
13 oct 2015	77.0	32.0	0.00
14 oct 2015	77.0	32.0	0.00
15 oct 2015	75.9	33.1	0.00
16 oct 2015	73.9	46.0	0.07
17 oct 2015	64.0	42.1	1.00
18 oct 2015	61.0	39.0	0.03
19 oct 2015	57.9	48.9	0.06
20 oct 2015	55.9	36.0	1.00
21 oct 2015	55.0	30.0	0.05
22 oct 2015	51.1	30.0	0.00   
23 oct 2015	57.9	35.1	0.20
24 oct 2015	59.0	28.0	0.00
25 oct 2015	61.0	28.0	0.00
26 oct 2015	63.0	32.0	0.01
27 oct 2015	64.9	25.0	0.00
28 oct 2015	62.1	27.0	0.00
29 oct 2015	60.1	36.0	0.05
30 oct 2015	52.0	36.0	0.29
31 oct 2015	61.0	24.1	0.00
1 nov 2015	68.0	23.0	0.00
2 nov 2015	64.9	23.0	0.00
3 nov 2015	59.0	37.9	0.79
4 nov 2015	41.0	30.0	1.11
5 nov 2015	41.0	25.0	0.50
6 nov 2015	43.0	12.0	0.00   
7 nov 2015	43.0	28.9	0.00
8 nov 2015	53.1	17.1	0.00
9 nov 2015	52.0	24.1	0.00
10 nov 2015	50.0	28.9	0.50
11 nov 2015	45.0	16.0	0.01
12 nov 2015	46.0	10.0	0.00   
13 nov 2015	48.9	16.0	0.00
14 nov 2015	53.1	12.9	0.00
15 nov 2015	51.1	16.0	0.00   
16 nov 2015	39.0	21.9	0.53
17 nov 2015	46.0	10.9	0.11
18 nov 2015	52.0	27.0	0.00
19 nov 2015	63.0	18.0	0.00
20 nov 2015	61.0	23.0	0.00
21 nov 2015	57.9	32.0	0.00
22 nov 2015	51.1	19.0	0.00
23 nov 2015	59.0	16.0	0.00
24 nov 2015	55.9	19.0	0.00
25 nov 2015	48.9	39.0	0.00
26 nov 2015	42.1	15.1	0.00
27 nov 2015	33.1	9.0	0.00
28 nov 2015	37.9	6.1	0.00
29 nov 2015	36.0	10.9	0.00
30 nov 2015	43.0	3.0	0.00
1 dec 2015	43.0	5.0	0.00
2 dec 2015	50.0	6.1	0.00
3 dec 2015	55.9	10.0	0.00
4 dec 2015	55.0	14.0	0.00
5 dec 2015	50.0	10.9	0.00
6 dec 2015	55.0	10.0	0.00
7 dec 2015	63.0	10.0	0.00
8 dec 2015	62.1	19.0	0.00
9 dec 2015	61.0	19.0	0.00
10 dec 2015	57.0	19.0	0.00
11 dec 2015	43.0	37.0	0.00   
12 dec 2015	37.0	23.0	0.30
13 dec 2015	45.0	3.9	0.00
14 dec 2015	27.0	15.1	0.00   
15 dec 2015	27.0	-2.9	0.40
16 dec 2015	34.0	-11.0	0.00
17 dec 2015	42.1	1.9	0.00
18 dec 2015	53.1	9.0	0.00
19 dec 2015	50.0	14.0	0.00
20 dec 2015	45.0	26.1	0.05
21 dec 2015	45.0	12.9	0.00
22 dec 2015	39.0	26.1	0.00   
23 dec 2015	37.0	30.0	0.02
24 dec 2015	37.9	25.0	0.00   
25 dec 2015	35.1	21.9	0.00   
26 dec 2015	23.0	1.0	0.00
27 dec 2015	37.9	6.1	0.00
28 dec 2015	37.9	8.1	0.00
29 dec 2015	34.0	7.0	0.00
30 dec 2015	37.9	3.0	0.00
31 dec 2015	34.0	-2.0	0.00